10204.7
0 1 0
281 892 0
912 913 0
754 755 0
276 891 0
29 69 0
445 945 0
375 584 0
818 852 0
276 533 0
99 932 0
810 958 0
16 293 0
252 276 0
633 649 0
73 78 0
376 418 0
9 946 0
883 887 0
167 188 0
484 486 0
483 485 0
564 565 0
376 899 0
412 936 0
625 935 0
650 741 0
564 643 0
317 318 0
695 696 0
821 962 0
752 892 0
604 645 0
756 757 0
10 289 0
490 735 0
113 115 0
4 951 0
444 960 0
652 918 0
416 417 0
512 549 0
652 925 0
220 221 0
105 607 0
111 113 0
604 605 0
95 96 0
220 560 0
145 146 0
666 671 0
666 673 0
119 792 0
636 925 0
515 549 0
163 165 0
176 178 0
877 879 0
411 656 0
586 590 0
120 141 0
649 923 0
663 665 0
57 358 0
419 420 0
585 590 0
874 875 0
667 672 0
286 971 0
419 758 0
103 222 0
378 379 0
659 660 0
24 488 0
760 761 0
760 762 0
477 479 0
619 620 0
32 973 0
24 489 0
177 416 0
329 352 0
408 952 0
253 924 0
823 826 0
217 218 0
489 979 0
43 47 0
498 499 0
704 705 0
603 763 0
536 751 0
342 344 0
704 740 0
495 843 0
472 703 0
0 110 0
472 687 0
29 923 0
869 909 0
558 563 0
558 562 0
557 976 0
380 381 0
342 965 0
491 503 0
145 941 0
493 494 0
343 345 0
380 399 0
121 122 0
75 76 0
308 316 0
277 926 0
85 977 0
367 915 0
704 972 0
254 537 0
910 940 0
866 870 0
83 84 0
225 226 0
225 234 0
804 826 0
422 745 0
470 954 0
692 694 0
317 638 0
282 896 0
11 207 0
635 937 0
423 424 0
180 181 0
180 183 0
15 30 0
403 937 0
803 826 0
270 933 0
766 769 0
250 274 0
156 158 0
630 633 0
566 567 0
320 321 0
423 933 0
173 953 0
334 335 0
861 928 0
54 58 0
644 647 0
334 337 0
824 825 0
860 928 0
244 898 0
824 888 0
528 959 0
39 53 0
613 646 0
581 582 0
768 844 0
739 970 0
6 359 0
812 889 0
42 102 0
366 898 0
51 52 0
309 331 0
618 620 0
11 637 0
489 610 0
468 668 0
425 747 0
336 607 0
691 693 0
270 363 0
621 622 0
468 522 0
402 404 0
709 710 0
800 931 0
426 430 0
17 22 0
609 974 0
82 223 0
467 668 0
689 972 0
528 611 0
347 894 0
82 206 0
171 172 0
657 769 0
770 930 0
77 80 0
324 325 0
365 805 0
156 602 0
466 922 0
283 461 0
8 637 0
591 592 0
290 373 0
675 678 0
156 624 0
139 929 0
295 629 0
827 828 0
39 293 0
827 829 0
212 213 0
211 927 0
168 169 0
92 93 0
373 507 0
229 654 0
333 337 0
256 535 0
711 712 0
229 900 0
323 765 0
229 964 0
478 609 0
230 231 0
230 233 0
290 548 0
676 679 0
428 749 0
711 713 0
172 956 0
851 947 0
688 972 0
639 956 0
775 807 0
171 351 0
291 942 0
138 929 0
278 895 0
328 330 0
827 968 0
579 583 0
677 680 0
160 161 0
731 737 0
640 787 0
454 641 0
31 973 0
279 295 0
525 543 0
203 204 0
203 205 0
124 125 0
64 65 0
364 494 0
439 757 0
729 730 0
249 532 0
384 385 0
41 102 0
364 492 0
19 20 0
504 508 0
897 967 0
578 583 0
728 733 0
778 808 0
232 553 0
152 154 0
384 640 0
846 847 0
813 814 0
7 946 0
209 210 0
208 927 0
524 526 0
726 727 0
780 810 0
108 109 0
845 847 0
186 636 0
433 434 0
112 116 0
438 934 0
301 950 0
384 955 0
13 15 0
265 296 0
554 555 0
302 304 0
393 415 0
462 463 0
714 767 0
597 949 0
724 737 0
504 943 0
137 140 0
723 969 0
523 545 0
27 632 0
830 834 0
455 771 0
159 195 0
386 387 0
362 413 0
298 944 0
840 848 0
327 329 0
17 631 0
593 595 0
651 847 0
839 841 0
310 312 0
831 832 0
575 582 0
831 833 0
456 772 0
79 897 0
259 536 0
794 796 0
361 413 0
716 717 0
240 763 0
6 948 0
720 969 0
189 368 0
550 975 0
786 963 0
236 237 0
436 438 0
615 957 0
716 966 0
719 969 0
788 789 0
788 790 0
60 978 0
319 320 0
135 974 0
572 573 0
88 668 0
521 545 0
166 170 0
901 903 0
18 23 0
683 878 0
260 538 0
817 819 0
616 620 0
457 696 0
596 760 0.878354
120 391 0.878481
127 914 1.1111
440 939 1.68969
175 863 2.2906
886 939 2.99168
890 977 3.00464
136 273 3.06819
144 274 3.10559
33 868 3.51361
530 851 3.72677
4 129 3.77817
469 819 3.85905
482 522 3.92839
155 847 4.00621
350 388 4.04451
178 904 4.12948
128 246 4.3479
519 822 4.59796
251 733 5.00775
267 786 5.10688
245 445 5.18932
568 768 5.27047
856 976 5.30686
487 654 5.36476
81 183 5.3934
40 816 5.5556
72 257 5.66552
144 568 5.72646
194 798 5.72655
513 653 5.83996
553 759 5.96417
232 380 6.00923
433 622 6.06683
514 913 6.11741
81 674 6.16766
314 453 6.21129
116 174 6.24233
212 484 6.26694
343 961 6.39493
455 772 6.41301
382 819 6.46088
648 973 6.47886
105 485 6.6667
22 800 6.67249
219 859 6.67823
353 820 6.68981
293 722 6.7128
261 484 6.7128
99 424 6.78146
126 452 6.80982
196 757 6.83244
311 650 6.86062
90 230 6.89985
39 701 6.89991
59 518 6.94442
437 441 6.96111
98 304 6.96111
38 432 7.11465
230 830 7.11994
542 601 7.21148
289 942 7.22222
179 425 7.3335
436 791 7.33355
277 920 7.47936
86 356 7.47936
640 906 7.47939
802 843 7.52055
893 957 7.54616
387 519 7.58186
232 293 7.58692
224 859 7.62754
539 606 7.68293
872 882 7.82221
225 315 7.82229
721 821 7.8617
558 935 7.95431
68 769 7.95437
306 431 8.11283
149 901 8.28693
782 938 8.28693
78 348 8.32406
505 975 8.3334
598 777 8.37486
21 713 8.39793
105 612 8.43452
121 584 8.44835
48 677 8.50294
294 718 8.62898
214 429 8.62907
128 298 8.68249
753 868 8.71791
719 970 8.71804
142 272 8.72239
642 890 8.72239
26 707 8.86285
718 966 8.87584
23 271 8.89314
754 794 8.92788
324 891 9.18352
37 480 9.19606
26 103 9.24622
99 509 9.33352
82 864 9.33766
122 214 9.44848
189 202 9.46075
218 577 9.49337
130 247 9.50953
840 874 9.56617
679 806 9.59044
480 797 9.66247
237 392 9.67448
315 865 9.72626
349 737 9.78549
185 355 9.81698
59 872 9.82091
627 643 9.84443
698 909 9.84453
123 693 9.91473
216 542 9.91483
117 484 9.93807
2 517 9.93812
653 940 9.97293
358 483 10
216 292 10.0039
537 895 10.0154
42 856 10.096
466 710 10.1114
541 647 10.1873
361 412 10.1873
331 863 10.1987
159 400 10.3078
149 447 10.412
292 443 10.4121
799 960 10.4417
33 768 10.5409
593 594 10.5702
74 298 10.5702
107 131 10.6138
130 346 10.632
407 753 10.6466
355 820 10.6718
142 248 10.7224
23 48 10.7296
86 300 10.7869
481 693 10.787
339 446 10.8047
315 661 10.8333
197 835 10.8476
380 500 10.8653
228 404 10.922
367 570 10.9326
855 870 10.9572
242 696 10.9573
387 475 11.0064
427 793 11.0169
396 469 11.0274
709 938 11.0903
12 125 11.0903
239 389 11.1007
303 415 11.1181
656 681 11.1423
178 676 11.1976
889 893 11.2491
354 502 11.2561
44 540 11.3991
189 224 11.4024
59 524 11.4295
186 410 11.4833
56 660 11.5001
729 924 11.5637
244 945 11.6335
109 721 11.6798
166 338 11.6964
462 813 11.7195
547 870 11.7195
370 976 11.7917
638 906 11.8015
266 476 11.8112
443 722 11.8177
501 849 11.8178
434 820 11.8667
104 377 11.8667
398 929 11.8667
917 967 11.8894
193 231 11.9476
247 305 11.967
435 755 11.9927
304 822 11.9928
559 621 11.996
260 282 12.0506
277 729 12.0601
54 468 12.1017
55 946 12.1017
336 584 12.1748
371 397 12.2506
19 686 12.3384
415 553 12.3883
318 850 12.3884
35 886 12.3884
259 892 12.4039
179 840 12.4226
517 913 12.4506
567 798 12.4753
551 819 12.4783
725 861 12.5123
517 789 12.5769
624 700 12.6259
269 744 12.6686
473 884 12.6716
287 611 12.7445
25 659 12.7475
173 534 12.8049
474 559 12.8049
12 199 12.826
153 763 12.889
201 859 12.9249
502 907 12.9488
61 183 13.0201
120 217 13.0821
52 151 13.091
396 961 13.1028
421 894 13.138
525 746 13.1703
127 431 13.3014
134 430 13.3333
130 246 13.3363
404 916 13.3622
580 682 13.3795
389 875 13.3796
192 912 13.3796
28 431 13.4084
162 271 13.4372
205 695 13.4399
54 541 13.44
355 966 13.4629
87 449 13.5657
436 777 13.5884
476 655 13.6196
348 837 13.6224
21 590 13.6225
788 813 13.7941
535 629 13.8694
163 407 13.8889
407 635 13.9
57 296 14.0133
83 93 14.0133
174 393 14.0244
285 894 14.0463
383 719 14.0656
5 534 14.082
628 742 14.1121
655 921 14.1121
761 792 14.1558
136 588 14.1639
501 797 14.1776
549 670 14.1884
168 412 14.2346
305 340 14.2995
331 865 14.3721
877 878 14.3856
665 881 14.407
524 822 14.4552
66 194 14.5004
97 739 14.5535
186 418 14.7091
274 660 14.7667
97 740 14.7876
155 289 14.824
400 970 14.8475
25 675 14.8501
3 767 14.889
244 617 14.9071
241 374 14.951
20 228 14.9588
421 798 15.0103
600 743 15.0335
442 459 15.0642
46 740 15.1255
321 891 15.1586
452 774 15.1738
62 764 15.1968
269 337 15.2069
491 532 15.255
101 442 15.255
430 587 15.2803
235 751 15.3257
454 576 15.3407
307 475 15.3659
414 799 15.401
301 796 15.406
71 559 15.436
243 455 15.4461
126 191 15.476
175 577 15.481
313 591 15.4959
11 679 15.5183
578 744 15.5407
6 885 15.5482
190 417 15.5556
258 280 15.5803
1 683 15.5803
442 546 15.5803
211 227 15.6397
477 586 15.6445
627 847 15.6544
371 698 15.6544
383 828 15.6766
73 240 15.7845
132 908 15.7918
208 707 15.8162
251 397 15.8893
592 807 15.8942
511 594 15.8942
588 724 15.8942
306 589 15.911
463 838 16.0559
582 772 16.0752
619 818 16.104
473 481 16.1063
632 765 16.1111
26 614 16.1256
111 915 16.1494
267 271 16.1494
84 541 16.1613
43 297 16.1637
137 555 16.1971
612 669 16.2565
153 843 16.3039
471 699 16.3323
504 651 16.3724
86 405 16.3983
27 623 16.3983
77 746 16.4147
283 388 16.4266
288 363 16.4734
118 437 16.5225
30 827 16.5295
702 774 16.5388
697 741 16.5412
190 918 16.5599
599 930 16.5739
15 525 16.6481
370 453 16.6666
120 365 16.6666
134 531 16.6667
40 601 16.6667
347 551 16.6667
273 532 16.6667
125 886 16.6713
740 902 16.782
510 743 16.8691
330 738 16.933
28 360 16.9445
500 599 16.9808
5 238 16.9808
132 623 16.9809
790 795 17.0556
382 451 17.0896
198 440 17.0985
103 867 17.1166
220 645 17.1796
280 714 17.1819
401 569 17.1975
36 61 17.2692
394 861 17.2692
465 601 17.2892
195 802 17.3849
354 446 17.3916
547 838 17.5792
87 161 17.5792
157 570 17.6077
464 776 17.6667
287 673 17.7474
50 838 17.7474
107 725 17.7995
218 307 17.8687
167 263 17.9505
106 198 17.9527
332 770 17.9612
63 544 17.9892
809 914 18.0385
265 362 18.0577
588 778 18.0747
200 506 18.1089
330 529 18.109
699 836 18.1152
448 800 18.1387
25 470 18.1599
99 531 18.268
91 540 18.2764
322 781 18.3123
685 871 18.3523
187 372 18.4466
215 297 18.4801
219 464 18.503
76 811 18.5134
703 767 18.5363
327 574 18.5447
166 245 18.6691
148 359 18.6753
262 961 18.8008
89 890 18.8909
575 587 18.9154
460 580 18.9317
576 854 18.9317
642 732 18.9562
129 264 18.9562
369 520 18.9623
681 947 18.9867
77 79 19.0029
388 608 19.0212
571 881 19.0557
528 583 19.0617
268 275 19.0617
154 290 19.1344
168 235 19.1345
167 811 19.1567
300 561 19.1687
505 971 19.2389
461 856 19.247
287 670 19.253
322 390 19.345
280 919 19.345
43 352 19.3809
268 693 19.3828
773 941 19.5355
769 858 19.571
757 965 19.6419
613 792 19.6753
664 677 19.7242
401 687 19.7535
303 882 19.7554
284 944 19.8081
255 951 19.8081
478 479 19.8179
261 284 19.8529
37 409 19.8858
593 815 19.8858
778 903 19.9149
38 599 19.9401
2 885 19.9633
157 452 20.0019
71 196 20.002
243 263 20.0039
377 792 20.1021
192 881 20.1116
785 870 20.148
118 664 20.2778
227 310 20.2796
571 835 20.3234
316 591 20.3746
137 142 20.4162
369 539 20.4294
734 775 20.4671
634 753 20.4672
464 556 20.4954
842 937 20.5048
167 367 20.5349
406 880 20.5499
164 594 20.5499
378 561 20.5818
91 748 20.6155
422 661 20.7368
495 662 20.8703
117 504 20.8703
784 922 20.8833
63 887 20.8998
192 435 20.9128
311 690 20.9147
179 653 20.9202
165 226 20.9534
379 605 20.9643
396 958 20.9957
450 916 21.0177
368 658 21.0251
389 857 21.0324
14 786 21.0617
266 867 21.0617
316 815 21.0618
694 779 21.0819
114 228 21.0911
266 784 21.1275
610 978 21.1877
390 808 21.2659
131 743 21.3039
137 962 21.3039
285 545 21.3456
617 785 21.3726
6 750 21.4105
34 903 21.4177
465 910 21.6186
294 833 21.6952
428 496 21.7484
106 569 21.7608
114 715 21.7874
47 65 21.8105
730 923 21.8334
227 394 21.867
89 461 21.8741
395 458 21.881
496 735 21.8811
206 821 21.9092
200 853 21.9233
50 560 21.9603
9 326 22.0304
147 199 22.0863
471 809 22.2239
528 529 22.2379
552 726 22.2656
299 965 22.3123
558 803 22.3469
75 791 22.3469
248 917 22.3607
773 854 22.3952
219 492 22.3952
503 574 22.4863
150 201 22.5068
191 658 22.5839
736 801 22.589
66 669 22.6112
78 713 22.6504
11 697 22.6692
305 674 22.7456
423 481 22.7608
261 682 22.7795
596 642 22.7879
343 824 22.8201
255 745 22.9061
36 697 22.9499
646 684 23.0573
46 975 23.0623
210 331 23.0706
373 895 23.0706
143 614 23.1374
673 783 23.1757
68 608 23.2671
692 697 23.2969
360 623 23.3812
70 150 23.3895
255 908 23.48
409 527 23.5342
480 648 23.5703
429 906 23.6111
278 392 23.6699
628 911 23.6763
205 275 23.7301
340 748 23.782
352 735 23.8647
297 414 23.9034
312 706 23.934
256 891 23.9486
62 544 23.9759
197 947 24.0579
308 946 24.1155
203 909 24.1921
166 187 24.1922
265 909 24.1922
675 781 24.2241
14 554 24.3685
711 849 24.3891
182 929 24.435
811 907 24.4696
655 857 24.4697
44 539 24.509
62 950 24.5232
418 923 24.5264
311 911 24.5264
427 931 24.5955
314 506 24.6159
401 576 24.6535
853 887 24.7098
374 734 24.7222
744 834 24.741
871 887 24.8592
64 72 25.0077
608 978 25.094
341 656 25.1539
351 818 25.1676
512 566 25.1677
94 862 25.1722
35 676 25.2838
110 152 25.3449
487 717 25.3525
96 841 25.4117
641 785 25.4891
777 823 25.4891
237 277 25.4966
95 215 25.5344
628 905 25.5344
67 320 25.557
5 620 25.5692
110 706 25.5932
342 715 25.715
525 801 25.7555
215 979 25.7735
288 700 25.8094
133 577 25.8348
266 449 25.8572
458 527 25.8736
419 626 25.9466
344 662 25.9704
101 531 26.1199
238 499 26.2129
459 573 26.3947
49 715 26.4633
67 150 26.4838
193 737 26.7158
405 516 26.9674
638 889 27.0701
14 262 27.434
597 885 27.4678
52 685 27.7791
263 448 27.8249
254 626 27.9605
94 332 28.1147
837 896 28.1762
552 873 28.5355
182 927 28.5787
497 771 28.6165
463 876 29.197
100 164 29.1998
108 482 30.596
408 597 30.8383
357 862 31.3003
37 880 31.5544
667 706 31.8029
727 853 31.8174
818 850 32.1995
241 708 32.8401
184 257 33.301
374 516 33.4489
45 873 38.016
