10204.75
0 1 0.00
281 892 0.00
912 913 0.00
754 755 0.00
276 891 0.00
29 69 0.00
445 945 0.00
375 584 0.00
818 852 0.00
276 533 0.00
99 932 0.00
810 958 0.00
16 293 0.00
252 276 0.00
633 649 0.00
73 78 0.00
376 418 0.00
9 946 0.00
883 887 0.00
167 188 0.00
484 486 0.00
483 485 0.00
564 565 0.00
376 899 0.00
412 936 0.00
625 935 0.00
650 741 0.00
564 643 0.00
317 318 0.00
695 696 0.00
821 962 0.00
752 892 0.00
604 645 0.00
756 757 0.00
10 289 0.00
490 735 0.00
113 115 0.00
4 951 0.00
444 960 0.00
652 918 0.00
416 417 0.00
512 549 0.00
652 925 0.00
220 221 0.00
105 607 0.00
111 113 0.00
604 605 0.00
95 96 0.00
220 560 0.00
145 146 0.00
666 671 0.00
666 673 0.00
119 792 0.00
636 925 0.00
515 549 0.00
163 165 0.00
176 178 0.00
877 879 0.00
411 656 0.00
586 590 0.00
120 141 0.00
649 923 0.00
663 665 0.00
57 358 0.00
419 420 0.00
585 590 0.00
874 875 0.00
667 672 0.00
286 971 0.00
419 758 0.00
103 222 0.00
378 379 0.00
659 660 0.00
24 488 0.00
760 761 0.00
760 762 0.00
477 479 0.00
619 620 0.00
32 973 0.00
24 489 0.00
177 416 0.00
329 352 0.00
408 952 0.00
253 924 0.00
823 826 0.00
217 218 0.00
489 979 0.00
43 47 0.00
498 499 0.00
704 705 0.00
603 763 0.00
536 751 0.00
342 344 0.00
704 740 0.00
495 843 0.00
472 703 0.00
0 110 0.00
472 687 0.00
29 923 0.00
869 909 0.00
558 563 0.00
558 562 0.00
557 976 0.00
380 381 0.00
342 965 0.00
491 503 0.00
145 941 0.00
493 494 0.00
343 345 0.00
380 399 0.00
121 122 0.00
75 76 0.00
308 316 0.00
277 926 0.00
85 977 0.00
367 915 0.00
704 972 0.00
254 537 0.00
910 940 0.00
866 870 0.00
83 84 0.00
225 226 0.00
225 234 0.00
804 826 0.00
422 745 0.00
470 954 0.00
692 694 0.00
317 638 0.00
282 896 0.00
11 207 0.00
635 937 0.00
423 424 0.00
180 181 0.00
180 183 0.00
15 30 0.00
403 937 0.00
803 826 0.00
270 933 0.00
766 769 0.00
250 274 0.00
156 158 0.00
630 633 0.00
566 567 0.00
320 321 0.00
423 933 0.00
173 953 0.00
334 335 0.00
861 928 0.00
54 58 0.00
644 647 0.00
334 337 0.00
824 825 0.00
860 928 0.00
244 898 0.00
824 888 0.00
528 959 0.00
39 53 0.00
613 646 0.00
581 582 0.00
768 844 0.00
739 970 0.00
6 359 0.00
812 889 0.00
42 102 0.00
366 898 0.00
51 52 0.00
309 331 0.00
618 620 0.00
11 637 0.00
489 610 0.00
468 668 0.00
425 747 0.00
336 607 0.00
691 693 0.00
270 363 0.00
621 622 0.00
468 522 0.00
402 404 0.00
709 710 0.00
800 931 0.00
426 430 0.00
17 22 0.00
609 974 0.00
82 223 0.00
467 668 0.00
689 972 0.00
528 611 0.00
347 894 0.00
82 206 0.00
171 172 0.00
657 769 0.00
770 930 0.00
77 80 0.00
324 325 0.00
365 805 0.00
156 602 0.00
466 922 0.00
283 461 0.00
8 637 0.00
591 592 0.00
290 373 0.00
675 678 0.00
156 624 0.00
139 929 0.00
295 629 0.00
827 828 0.00
39 293 0.00
827 829 0.00
212 213 0.00
211 927 0.00
168 169 0.00
92 93 0.00
373 507 0.00
229 654 0.00
333 337 0.00
256 535 0.00
711 712 0.00
229 900 0.00
323 765 0.00
229 964 0.00
478 609 0.00
230 231 0.00
230 233 0.00
290 548 0.00
676 679 0.00
428 749 0.00
711 713 0.00
172 956 0.00
851 947 0.00
688 972 0.00
639 956 0.00
775 807 0.00
171 351 0.00
291 942 0.00
138 929 0.00
278 895 0.00
328 330 0.00
827 968 0.00
579 583 0.00
677 680 0.00
160 161 0.00
731 737 0.00
640 787 0.00
454 641 0.00
31 973 0.00
279 295 0.00
525 543 0.00
203 204 0.00
203 205 0.00
124 125 0.00
64 65 0.00
364 494 0.00
439 757 0.00
729 730 0.00
249 532 0.00
384 385 0.00
41 102 0.00
364 492 0.00
19 20 0.00
504 508 0.00
897 967 0.00
578 583 0.00
728 733 0.00
778 808 0.00
232 553 0.00
152 154 0.00
384 640 0.00
846 847 0.00
813 814 0.00
7 946 0.00
209 210 0.00
208 927 0.00
524 526 0.00
726 727 0.00
780 810 0.00
108 109 0.00
845 847 0.00
186 636 0.00
433 434 0.00
112 116 0.00
438 934 0.00
301 950 0.00
384 955 0.00
13 15 0.00
265 296 0.00
554 555 0.00
302 304 0.00
393 415 0.00
462 463 0.00
714 767 0.00
597 949 0.00
724 737 0.00
504 943 0.00
137 140 0.00
723 969 0.00
523 545 0.00
27 632 0.00
830 834 0.00
455 771 0.00
159 195 0.00
386 387 0.00
362 413 0.00
298 944 0.00
840 848 0.00
327 329 0.00
17 631 0.00
593 595 0.00
651 847 0.00
839 841 0.00
310 312 0.00
831 832 0.00
575 582 0.00
831 833 0.00
456 772 0.00
79 897 0.00
259 536 0.00
794 796 0.00
361 413 0.00
716 717 0.00
240 763 0.00
6 948 0.00
720 969 0.00
189 368 0.00
550 975 0.00
786 963 0.00
236 237 0.00
436 438 0.00
615 957 0.00
716 966 0.00
719 969 0.00
788 789 0.00
788 790 0.00
60 978 0.00
319 320 0.00
135 974 0.00
572 573 0.00
88 668 0.00
521 545 0.00
166 170 0.00
901 903 0.00
18 23 0.00
683 878 0.00
260 538 0.00
817 819 0.00
616 620 0.00
457 696 0.00
596 760 0.88
120 391 0.88
127 914 1.11
440 939 1.69
175 863 2.29
886 939 2.99
890 977 3.00
136 273 3.07
144 274 3.11
33 868 3.51
530 851 3.73
4 129 3.78
469 819 3.86
482 522 3.93
155 847 4.01
350 388 4.04
178 904 4.13
128 246 4.35
519 822 4.60
251 733 5.01
267 786 5.11
245 445 5.19
568 768 5.27
856 976 5.31
487 654 5.36
81 183 5.39
40 816 5.56
72 257 5.67
144 568 5.73
194 798 5.73
513 653 5.84
553 759 5.96
232 380 6.01
433 622 6.07
514 913 6.12
81 674 6.17
314 453 6.21
116 174 6.24
212 484 6.27
343 961 6.39
455 772 6.41
382 819 6.46
648 973 6.48
105 485 6.67
22 800 6.67
219 859 6.68
353 820 6.69
293 722 6.71
261 484 6.71
99 424 6.78
126 452 6.81
196 757 6.83
311 650 6.86
90 230 6.90
39 701 6.90
59 518 6.94
437 441 6.96
98 304 6.96
38 432 7.11
230 830 7.12
542 601 7.21
289 942 7.22
179 425 7.33
436 791 7.33
277 920 7.48
86 356 7.48
640 906 7.48
802 843 7.52
893 957 7.55
387 519 7.58
232 293 7.59
224 859 7.63
539 606 7.68
872 882 7.82
225 315 7.82
721 821 7.86
558 935 7.95
68 769 7.95
306 431 8.11
149 901 8.29
782 938 8.29
78 348 8.32
505 975 8.33
598 777 8.37
21 713 8.40
105 612 8.43
121 584 8.45
48 677 8.50
294 718 8.63
214 429 8.63
128 298 8.68
753 868 8.72
719 970 8.72
142 272 8.72
642 890 8.72
26 707 8.86
718 966 8.88
23 271 8.89
754 794 8.93
324 891 9.18
37 480 9.20
26 103 9.25
99 509 9.33
82 864 9.34
122 214 9.45
189 202 9.46
218 577 9.49
130 247 9.51
840 874 9.57
679 806 9.59
480 797 9.66
237 392 9.67
315 865 9.73
349 737 9.79
185 355 9.82
59 872 9.82
627 643 9.84
698 909 9.84
123 693 9.91
216 542 9.91
117 484 9.94
2 517 9.94
653 940 9.97
358 483 10.00
216 292 10.00
537 895 10.02
42 856 10.10
466 710 10.11
541 647 10.19
361 412 10.19
331 863 10.20
159 400 10.31
149 447 10.41
292 443 10.41
799 960 10.44
33 768 10.54
593 594 10.57
74 298 10.57
107 131 10.61
130 346 10.63
407 753 10.65
355 820 10.67
142 248 10.72
23 48 10.73
86 300 10.79
481 693 10.79
339 446 10.80
315 661 10.83
197 835 10.85
380 500 10.87
228 404 10.92
367 570 10.93
855 870 10.96
242 696 10.96
387 475 11.01
427 793 11.02
396 469 11.03
709 938 11.09
12 125 11.09
239 389 11.10
303 415 11.12
656 681 11.14
178 676 11.20
889 893 11.25
354 502 11.26
44 540 11.40
189 224 11.40
59 524 11.43
186 410 11.48
56 660 11.50
729 924 11.56
244 945 11.63
109 721 11.68
166 338 11.70
462 813 11.72
547 870 11.72
370 976 11.79
638 906 11.80
266 476 11.81
443 722 11.82
501 849 11.82
434 820 11.87
104 377 11.87
398 929 11.87
917 967 11.89
193 231 11.95
247 305 11.97
435 755 11.99
304 822 11.99
559 621 12.00
260 282 12.05
277 729 12.06
54 468 12.10
55 946 12.10
336 584 12.17
371 397 12.25
19 686 12.34
415 553 12.39
318 850 12.39
35 886 12.39
259 892 12.40
179 840 12.42
517 913 12.45
567 798 12.48
551 819 12.48
725 861 12.51
517 789 12.58
624 700 12.63
269 744 12.67
473 884 12.67
287 611 12.74
25 659 12.75
173 534 12.80
474 559 12.80
12 199 12.83
153 763 12.89
201 859 12.92
502 907 12.95
61 183 13.02
120 217 13.08
52 151 13.09
396 961 13.10
421 894 13.14
525 746 13.17
127 431 13.30
134 430 13.33
130 246 13.34
404 916 13.36
580 682 13.38
389 875 13.38
192 912 13.38
28 431 13.41
162 271 13.44
205 695 13.44
54 541 13.44
355 966 13.46
87 449 13.57
436 777 13.59
476 655 13.62
348 837 13.62
21 590 13.62
788 813 13.79
535 629 13.87
163 407 13.89
407 635 13.90
57 296 14.01
83 93 14.01
174 393 14.02
285 894 14.05
383 719 14.07
5 534 14.08
628 742 14.11
655 921 14.11
761 792 14.16
136 588 14.16
501 797 14.18
549 670 14.19
168 412 14.23
305 340 14.30
331 865 14.37
877 878 14.39
665 881 14.41
524 822 14.46
66 194 14.50
97 739 14.55
186 418 14.71
274 660 14.77
97 740 14.79
155 289 14.82
400 970 14.85
25 675 14.85
3 767 14.89
244 617 14.91
241 374 14.95
20 228 14.96
421 798 15.01
600 743 15.03
442 459 15.06
46 740 15.13
321 891 15.16
452 774 15.17
62 764 15.20
269 337 15.21
491 532 15.26
101 442 15.26
430 587 15.28
235 751 15.33
454 576 15.34
307 475 15.37
414 799 15.40
301 796 15.41
71 559 15.44
243 455 15.45
126 191 15.48
175 577 15.48
313 591 15.50
11 679 15.52
578 744 15.54
6 885 15.55
190 417 15.56
258 280 15.58
1 683 15.58
442 546 15.58
211 227 15.64
477 586 15.64
627 847 15.65
371 698 15.65
383 828 15.68
73 240 15.78
132 908 15.79
208 707 15.82
251 397 15.89
592 807 15.89
511 594 15.89
588 724 15.89
306 589 15.91
463 838 16.06
582 772 16.08
619 818 16.10
473 481 16.11
632 765 16.11
26 614 16.13
111 915 16.15
267 271 16.15
84 541 16.16
43 297 16.16
137 555 16.20
612 669 16.26
153 843 16.30
471 699 16.33
504 651 16.37
86 405 16.40
27 623 16.40
77 746 16.41
283 388 16.43
288 363 16.47
118 437 16.52
30 827 16.53
702 774 16.54
697 741 16.54
190 918 16.56
599 930 16.57
15 525 16.65
370 453 16.67
120 365 16.67
134 531 16.67
40 601 16.67
347 551 16.67
273 532 16.67
125 886 16.67
740 902 16.78
510 743 16.87
330 738 16.93
28 360 16.94
500 599 16.98
5 238 16.98
132 623 16.98
790 795 17.06
382 451 17.09
198 440 17.10
103 867 17.12
220 645 17.18
280 714 17.18
401 569 17.20
36 61 17.27
394 861 17.27
465 601 17.29
195 802 17.38
354 446 17.39
547 838 17.58
87 161 17.58
157 570 17.61
464 776 17.67
287 673 17.75
50 838 17.75
107 725 17.80
218 307 17.87
167 263 17.95
106 198 17.95
332 770 17.96
63 544 17.99
809 914 18.04
265 362 18.06
588 778 18.07
200 506 18.11
330 529 18.11
699 836 18.12
448 800 18.14
25 470 18.16
99 531 18.27
91 540 18.28
322 781 18.31
685 871 18.35
187 372 18.45
215 297 18.48
219 464 18.50
76 811 18.51
703 767 18.54
327 574 18.54
166 245 18.67
148 359 18.68
262 961 18.80
89 890 18.89
575 587 18.92
460 580 18.93
576 854 18.93
642 732 18.96
129 264 18.96
369 520 18.96
681 947 18.99
77 79 19.00
388 608 19.02
571 881 19.06
528 583 19.06
268 275 19.06
154 290 19.13
168 235 19.13
167 811 19.16
300 561 19.17
505 971 19.24
461 856 19.25
287 670 19.25
322 390 19.34
280 919 19.35
43 352 19.38
268 693 19.38
773 941 19.54
769 858 19.57
757 965 19.64
613 792 19.68
664 677 19.72
401 687 19.75
303 882 19.76
284 944 19.81
255 951 19.81
478 479 19.82
261 284 19.85
37 409 19.89
593 815 19.89
778 903 19.91
38 599 19.94
2 885 19.96
157 452 20.00
71 196 20.00
243 263 20.00
377 792 20.10
192 881 20.11
785 870 20.15
118 664 20.28
227 310 20.28
571 835 20.32
316 591 20.37
137 142 20.42
369 539 20.43
734 775 20.47
634 753 20.47
464 556 20.50
842 937 20.50
167 367 20.53
406 880 20.55
164 594 20.55
378 561 20.58
91 748 20.62
422 661 20.74
495 662 20.87
117 504 20.87
784 922 20.88
63 887 20.90
192 435 20.91
311 690 20.91
179 653 20.92
165 226 20.95
379 605 20.96
396 958 21.00
450 916 21.02
368 658 21.03
389 857 21.03
14 786 21.06
266 867 21.06
316 815 21.06
694 779 21.08
114 228 21.09
266 784 21.13
610 978 21.19
390 808 21.27
131 743 21.30
137 962 21.30
285 545 21.35
617 785 21.37
6 750 21.41
34 903 21.42
465 910 21.62
294 833 21.70
428 496 21.75
106 569 21.76
114 715 21.79
47 65 21.81
730 923 21.83
227 394 21.87
89 461 21.87
395 458 21.88
496 735 21.88
206 821 21.91
200 853 21.92
50 560 21.96
9 326 22.03
147 199 22.09
471 809 22.22
528 529 22.24
552 726 22.27
299 965 22.31
558 803 22.35
75 791 22.35
248 917 22.36
773 854 22.40
219 492 22.40
503 574 22.49
150 201 22.51
191 658 22.58
736 801 22.59
66 669 22.61
78 713 22.65
11 697 22.67
305 674 22.75
423 481 22.76
261 682 22.78
596 642 22.79
343 824 22.82
255 745 22.91
36 697 22.95
646 684 23.06
46 975 23.06
210 331 23.07
373 895 23.07
143 614 23.14
673 783 23.18
68 608 23.27
692 697 23.30
360 623 23.38
70 150 23.39
255 908 23.48
409 527 23.53
480 648 23.57
429 906 23.61
278 392 23.67
628 911 23.68
205 275 23.73
340 748 23.78
352 735 23.86
297 414 23.90
312 706 23.93
256 891 23.95
62 544 23.98
197 947 24.06
308 946 24.12
203 909 24.19
166 187 24.19
265 909 24.19
675 781 24.22
14 554 24.37
711 849 24.39
182 929 24.44
811 907 24.47
655 857 24.47
44 539 24.51
62 950 24.52
418 923 24.53
311 911 24.53
427 931 24.60
314 506 24.62
401 576 24.65
853 887 24.71
374 734 24.72
744 834 24.74
871 887 24.86
64 72 25.01
608 978 25.09
341 656 25.15
351 818 25.17
512 566 25.17
94 862 25.17
35 676 25.28
110 152 25.34
487 717 25.35
96 841 25.41
641 785 25.49
777 823 25.49
237 277 25.50
95 215 25.53
628 905 25.53
67 320 25.56
5 620 25.57
110 706 25.59
342 715 25.72
525 801 25.76
215 979 25.77
288 700 25.81
133 577 25.83
266 449 25.86
458 527 25.87
419 626 25.95
344 662 25.97
101 531 26.12
238 499 26.21
459 573 26.39
49 715 26.46
67 150 26.48
193 737 26.72
405 516 26.97
638 889 27.07
14 262 27.43
597 885 27.47
52 685 27.78
263 448 27.82
254 626 27.96
94 332 28.11
837 896 28.18
552 873 28.54
182 927 28.58
497 771 28.62
463 876 29.20
100 164 29.20
108 482 30.60
408 597 30.84
357 862 31.30
37 880 31.55
667 706 31.80
727 853 31.82
818 850 32.20
241 708 32.84
184 257 33.30
374 516 33.45
45 873 38.02
